% Values from IL 20%/2
fitCoeff_Therm_635 = [0.1056 0.8095 10.5120 0.0000];
fitCoeff_Therm_532 = [0.1179 0.7565 10.4404 0.0000];
fitCoeff_Therm_473 = [0.1278 0.8089 10.2362 0.0000];
% % Values from IL 20%/4
% fitCoeff_Therm_635 = [0.143494 0.648070 10.604151 0.0000];
% fitCoeff_Therm_532 = [0.171880 0.635587 10.379353 0.0000];
% fitCoeff_Therm_473 = [0.177560 0.636764 10.283709 0.0000];

